pairIndex,resIndex1,resIndex2,bp_type
int,int,int,varchar(6)
1,2892,2891,n0BR
2,2895,2894,n0BR
3,2896,2895,0BR
4,10,9,n0BR
5,13,12,0BR
6,13,2044,2BR
7,13,2043,n6BR
8,2905,2902,6BR
9,16,15,n0BR
10,2907,2906,n0BR
11,2909,2955,n3BR
12,21,20,n0BR
13,2916,2895,2BR
14,2916,2914,7BR
15,25,24,n0BR
16,27,26,0BR
17,27,536,n6BR
18,2919,2918,n0BR
19,29,28,n0BR
20,2920,2919,n0BR
21,30,29,n0BR
22,32,471,n9BR
23,2925,2924,9BR
24,2929,2934,2BR
25,38,37,n0BR
26,39,38,n0BR
27,2935,2930,n6BR
28,2936,2934,7BR
29,45,44,n0BR
30,47,46,n2BR
31,2941,2922,n1BR
32,50,167,2BR
33,50,115,n6BR
34,2943,2942,0BR
35,51,114,6BR
36,2943,2921,6BR
37,52,114,n3BR
38,54,53,n0BR
39,2946,2945,n0BR
40,55,54,n0BR
41,2947,2920,n6BR
42,2950,2949,n0BR
43,62,61,0BR
44,2954,2953,n0BR
45,63,62,n0BR
46,66,72,1BR
47,67,66,n0BR
48,69,68,n0BR
49,72,58,n2BR
50,75,74,n0BR
51,2968,2989,6BR
52,77,76,n0BR
53,2969,2968,n0BR
54,2971,2970,n1BR
55,2973,2972,n0BR
56,82,81,0BR
57,82,96,n6BR
58,82,99,n6BR
59,90,89,0BR
60,91,90,n0BR
61,2984,2983,n0BR
62,94,95,n1BR
63,2987,941,3BR
64,2988,940,n1BR
65,100,84,2BR
66,2995,2962,6BR
67,103,102,n0BR
68,2997,2904,n1BR
69,105,104,n0BR
70,106,105,n0BR
71,3003,3002,0BR
72,111,110,9BR
73,111,68,n9BR
74,3007,3006,0BR
75,115,116,0BR
76,115,49,6BR
77,115,46,n6BR
78,116,115,n0BR
79,3009,3008,n0BR
80,116,49,n6BR
81,123,114,2BR
82,124,53,n6BR
83,126,125,n0BR
84,133,132,n0BR
85,138,1431,0BR
86,138,137,2BR
87,139,1431,0BR
88,139,1618,7BR
89,142,141,n0BR
90,144,143,n0BR
91,149,148,n0BR
92,150,149,n0BR
93,151,150,n0BR
94,152,151,n0BR
95,153,152,n0BR
96,169,168,0BR
97,169,460,2BR
98,169,459,2BR
99,173,172,n0BR
100,180,191,n6BR
101,184,855,n7BR
102,185,2420,6BR
103,186,185,n0BR
104,187,2078,2BR
105,188,236,n5BR
106,191,192,n9BR
107,194,193,n9BR
108,195,704,2BR
109,195,177,6BR
110,196,195,n0BR
111,197,196,n0BR
112,198,197,n0BR
113,204,172,2BR
114,205,204,n0BR
115,211,400,6BR
116,215,436,7BR
117,220,219,n0BR
118,223,222,n0BR
119,224,223,n0BR
120,225,224,n0BR
121,226,225,n0BR
122,231,230,0BR
123,232,410,6BR
124,232,242,n6BR
125,238,183,1BR
126,239,190,2BR
127,239,238,n0BR
128,244,243,n0BR
129,245,228,6BR
130,245,244,n0BR
131,246,245,n0BR
132,248,631,n3BR
133,253,453,7BR
134,258,396,n2BR
135,267,266,0BR
136,268,267,0BR
137,277,276,0BR
138,260,283,6BR
139,263,262,n0BR
140,264,263,n0BR
141,265,264,n0BR
142,266,265,n0BR
143,275,274,n0BR
144,276,275,n0BR
145,282,281,n0BR
146,283,282,n0BR
147,259,395,n2BR
148,272,269,n3BR
149,260,290,n6BR
150,294,293,n0BR
151,298,385,n3BR
152,304,303,n0BR
153,306,254,n7BR
154,307,306,0BR
155,308,307,n0BR
156,312,374,6BR
157,313,374,n3BR
158,314,313,n0BR
159,317,368,n6BR
160,322,343,2BR
161,327,326,n0BR
162,330,333,n3BR
163,332,352,1BR
164,335,336,n1BR
165,339,338,n0BR
166,341,340,n0BR
167,342,341,n0BR
168,342,323,n0BR
169,347,361,6BR
170,349,348,n0BR
171,356,357,n1BR
172,359,358,n0BR
173,362,361,n0BR
174,363,321,6BR
175,366,365,n0BR
176,368,367,n0BR
177,369,368,0BR
178,370,368,7BR
179,371,370,n0BR
180,374,373,n0BR
181,382,304,6BR
182,384,383,n0BR
183,393,392,9BR
184,399,398,0BR
185,400,426,6BR
186,400,399,n0BR
187,401,400,n9BR
188,402,401,n0BR
189,403,402,n0BR
190,411,409,n9BR
191,414,412,n1BR
192,417,416,0BR
193,422,2220,1BR
194,428,427,n0BR
195,430,429,n0BR
196,434,433,n0BR
197,435,434,n0BR
198,438,2400,6BR
199,443,442,n0BR
200,445,444,n0BR
201,446,445,n0BR
202,448,400,2BR
203,448,399,2BR
204,449,448,n0BR
205,452,451,n0BR
206,454,252,2BR
207,454,253,n6BR
208,455,454,n0BR
209,455,252,n2BR
210,456,455,n0BR
211,459,458,n0BR
212,460,459,n0BR
213,461,460,n9BR
214,462,460,7BR
215,466,465,n0BR
216,467,466,n0BR
217,467,469,n1BR
218,469,467,n0BR
219,470,469,n0BR
220,472,479,6BR
221,475,35,1BR
222,476,478,n7BR
223,477,483,n3BR
224,479,32,2BR
225,480,478,9BR
226,485,494,6BR
227,489,812,9BR
228,489,708,n5BR
229,490,489,n0BR
230,490,707,n1BR
231,490,819,n5BR
232,491,819,6BR
233,497,478,6BR
234,497,496,n0BR
235,501,504,n3BR
236,502,524,6BR
237,503,524,6BR
238,503,501,n7BR
239,506,530,n1BR
240,508,521,6BR
241,508,522,n7BR
242,509,508,n9BR
243,510,509,n0BR
244,511,510,n0BR
245,512,511,n0BR
246,516,515,n0BR
247,524,526,n3BR
248,524,527,n3BR
249,525,501,6BR
250,526,501,6BR
251,526,524,7BR
252,530,506,n3BR
253,531,530,0BR
254,537,26,n6BR
255,538,25,6BR
256,539,25,6BR
257,543,542,n0BR
258,545,544,n0BR
259,546,545,n0BR
260,547,546,n0BR
261,549,548,n0BR
262,551,2767,6BR
263,552,2042,2BR
264,553,2041,n6BR
265,561,560,n0BR
266,562,561,n0BR
267,564,563,0BR
268,566,565,n9BR
269,579,578,n0BR
270,580,579,n0BR
271,581,580,n0BR
272,586,585,n0BR
273,594,2028,n7BR
274,595,2029,5BR
275,598,597,n0BR
276,599,587,n3BR
277,602,601,n0BR
278,603,602,n0BR
279,604,603,n0BR
280,606,605,n0BR
281,608,833,n6BR
282,611,610,n0BR
283,612,611,n0BR
284,613,612,n0BR
285,616,615,n0BR
286,617,616,n0BR
287,620,619,n0BR
288,626,625,n0BR
289,627,626,n0BR
290,631,630,0BR
291,631,249,2BR
292,631,643,6BR
293,632,631,n0BR
294,632,643,n3BR
295,633,632,n0BR
296,645,630,n6BR
297,646,645,n0BR
298,651,661,n6BR
299,656,2392,2BR
300,656,654,n7BR
301,659,658,n0BR
302,660,659,n0BR
303,660,651,n3BR
304,662,661,n0BR
305,664,663,n0BR
306,667,2358,n6BR
307,668,2338,n7BR
308,671,670,n0BR
309,672,671,n0BR
310,673,672,n0BR
311,674,673,n0BR
312,682,681,n0BR
313,683,682,n0BR
314,685,684,n0BR
315,686,685,n0BR
316,687,961,1BR
317,687,686,n0BR
318,688,687,n0BR
319,689,688,n0BR
320,690,689,n0BR
321,693,825,n0BR
322,694,693,n0BR
323,696,695,n0BR
324,697,696,n0BR
325,700,2068,7BR
326,701,180,2BR
327,704,703,n0BR
328,705,704,n0BR
329,706,707,n1BR
330,709,802,n7BR
331,711,709,7BR
332,712,711,n0BR
333,713,803,2BR
334,713,712,n0BR
335,715,714,n0BR
336,716,715,n0BR
337,717,716,n0BR
338,723,757,6BR
339,730,749,6BR
340,732,731,n0BR
341,734,733,n0BR
342,735,734,n0BR
343,743,742,n0BR
344,746,745,0BR
345,750,728,4BR
346,751,728,n6BR
347,756,755,n0BR
348,757,756,n0BR
349,758,722,6BR
350,758,1658,n2BR
351,759,785,n6BR
352,760,759,n0BR
353,761,760,n0BR
354,764,763,n9BR
355,765,764,n0BR
356,766,765,n0BR
357,767,766,n0BR
358,774,769,n7BR
359,778,777,n0BR
360,779,778,n0BR
361,788,1798,n6BR
362,788,1797,n6BR
363,790,789,n0BR
364,791,790,n0BR
365,794,1377,n3BR
366,797,796,n0BR
367,798,811,n2BR
368,798,709,n6BR
369,799,817,n1BR
370,801,798,n2BR
371,807,808,n0BR
372,807,804,n6BR
373,809,808,n0BR
374,809,804,n3BR
375,810,809,n0BR
376,816,2071,n1BR
377,819,818,n0BR
378,820,819,n0BR
379,821,820,n0BR
380,822,821,n0BR
381,828,699,n6BR
382,832,831,0BR
383,832,1277,n1BR
384,838,837,0BR
385,839,838,n0BR
386,840,839,n0BR
387,841,840,n0BR
388,843,965,2BR
389,845,994,6BR
390,847,846,n0BR
391,847,2347,n1BR
392,849,848,n0BR
393,853,2236,7BR
394,854,2434,3BR
395,854,2435,5BR
396,857,856,n0BR
397,858,857,n0BR
398,861,860,n0BR
399,863,862,n0BR
400,865,864,n0BR
401,872,955,n1BR
402,873,951,6BR
403,873,872,n0BR
404,874,873,n0BR
405,876,875,n0BR
406,877,876,n0BR
407,880,879,n0BR
408,881,880,n0BR
409,884,885,n0BR
410,885,939,6BR
411,889,888,n0BR
412,890,936,2BR
413,890,888,7BR
414,891,890,n0BR
415,898,897,n0BR
416,899,898,n0BR
417,900,899,n0BR
418,906,905,n0BR
419,918,917,n0BR
420,923,901,n6BR
421,924,923,n0BR
422,926,925,n0BR
423,927,926,n0BR
424,929,895,n3BR
425,933,2266,n6BR
426,934,2267,2BR
427,934,933,n0BR
428,935,932,n9BR
429,936,935,n0BR
430,937,936,9BR
431,938,936,9BR
432,940,2970,2BR
433,943,2258,1BR
434,946,945,n0BR
435,947,946,n0BR
436,951,950,n0BR
437,955,872,0BR
438,957,956,n0BR
439,958,957,n0BR
440,959,958,n0BR
441,960,959,n0BR
442,961,960,n0BR
443,962,1214,1BR
444,964,963,n0BR
445,967,2437,7BR
446,968,591,1BR
447,968,994,n3BR
448,969,968,n0BR
449,972,971,n0BR
450,973,972,n0BR
451,981,979,0BR
452,981,2484,6BR
453,981,978,7BR
454,983,2445,9BR
455,986,985,n0BR
456,991,990,n0BR
457,992,991,n0BR
458,997,592,6BR
459,998,999,n1BR
460,1004,2026,n6BR
461,1005,1004,n0BR
462,1007,969,n6BR
463,1008,1007,n0BR
464,1013,996,n6BR
465,1015,1014,n0BR
466,1016,1015,n0BR
467,1017,1016,n0BR
468,1020,1019,n0BR
469,1023,1179,n6BR
470,1023,1178,n7BR
471,1024,1178,6BR
472,1024,1023,n0BR
473,1024,1000,n2BR
474,1025,1024,n0BR
475,1029,1028,n0BR
476,1030,1031,n9BR
477,1032,1178,2BR
478,1033,1032,n0BR
479,1033,1026,n6BR
480,1037,1036,n0BR
481,1043,1164,6BR
482,1044,1045,n0BR
483,1046,1045,n9BR
484,1047,1168,1BR
485,1047,1046,n0BR
486,1050,2476,2BR
487,1050,1149,6BR
488,1051,1148,n6BR
489,1052,1148,6BR
490,1053,1148,n3BR
491,1059,1058,n0BR
492,1062,1140,n3BR
493,1133,1070,n3BR
494,1134,1067,6BR
495,1143,1041,1BR
496,1145,1146,n1BR
497,1146,1145,n0BR
498,1150,2507,n2BR
499,1150,2477,n7BR
500,1152,2558,n6BR
501,1155,1154,0BR
502,1162,1161,n0BR
503,1167,1162,n6BR
504,1169,1168,n0BR
505,1170,1169,n0BR
506,1174,1173,n0BR
507,1178,1177,n0BR
508,1179,1011,2BR
509,1180,998,n6BR
510,1183,1182,0BR
511,1186,1185,n0BR
512,1189,1188,n0BR
513,1191,1190,n0BR
514,1193,1192,n0BR
515,1199,1198,0BR
516,1209,995,3BR
517,1209,996,n1BR
518,1210,1209,n0BR
519,1211,1210,0BR
520,1212,842,6BR
521,1220,1272,3BR
522,1220,1273,n1BR
523,1222,1221,n0BR
524,1224,1223,n0BR
525,1228,346,5BR
526,1230,1229,n0BR
527,1232,354,n5BR
528,1233,1232,n0BR
529,1236,1259,n7BR
530,1237,1258,6BR
531,1238,1258,n3BR
532,1239,1257,n3BR
533,1246,1245,n0BR
534,1249,838,n1BR
535,1254,1253,n0BR
536,1255,1254,0BR
537,1256,1255,n0BR
538,1259,1235,4BR
539,1260,1235,6BR
540,1260,1232,n6BR
541,1265,1226,6BR
542,1268,468,n3BR
543,1271,474,3BR
544,1272,1270,n9BR
545,1276,586,6BR
546,1277,607,6BR
547,1280,1279,n0BR
548,1281,1280,n0BR
549,1283,539,n3BR
550,1290,1289,n9BR
551,1291,2011,6BR
552,1293,1292,n0BR
553,1294,773,1BR
554,1297,1668,n6BR
555,1298,1318,n6BR
556,1301,1300,n0BR
557,1302,1301,n0BR
558,1306,1309,n3BR
559,1308,1307,n0BR
560,1310,1672,n6BR
561,1313,1312,0BR
562,1314,1313,n0BR
563,1315,1314,n0BR
564,1316,1315,n0BR
565,1322,1321,0BR
566,1324,1649,n6BR
567,1332,1634,1BR
568,1335,1334,0BR
569,1337,1335,7BR
570,1341,1340,n0BR
571,1344,1357,6BR
572,1345,1356,n2BR
573,1349,1671,9BR
574,1350,1349,n0BR
575,1351,1350,n0BR
576,1355,1632,4BR
577,1356,1354,n9BR
578,1358,1357,n0BR
579,1360,1359,n0BR
580,1367,1408,n1BR
581,1368,1365,n7BR
582,1369,1368,n0BR
583,1374,1373,n0BR
584,1377,1400,6BR
585,1378,1400,n3BR
586,1379,1378,n0BR
587,1383,1394,6BR
588,1385,1384,n0BR
589,1387,1386,n0BR
590,1389,1388,n0BR
591,1396,1381,n6BR
592,1397,1396,n0BR
593,1401,718,2BR
594,1408,1367,n0BR
595,1417,1418,n0BR
596,1421,1420,0BR
597,1423,1422,n0BR
598,1424,1423,n0BR
599,1425,1424,n0BR
600,1429,1428,n0BR
601,1430,1429,n0BR
602,1432,1431,n0BR
603,1433,1432,n0BR
604,1435,1434,n0BR
605,1436,1435,n0BR
606,1441,1440,n0BR
607,1442,1603,n6BR
608,1445,1521,n3BR
609,1445,1601,n3BR
610,1453,1452,n0BR
611,1454,1453,n0BR
612,1461,1460,n0BR
613,1462,1576,6BR
614,1462,1461,n0BR
615,1465,1464,n0BR
616,1470,1469,n0BR
617,1473,1472,0BR
618,1474,1475,n1BR
619,1476,1475,n0BR
620,1481,1480,n0BR
621,1488,1487,n0BR
622,1489,1488,n0BR
623,1494,1493,n0BR
624,1495,1494,0BR
625,1496,1544,6BR
626,1496,1495,n0BR
627,1497,1496,n0BR
628,1498,1497,n0BR
629,1499,1498,n0BR
630,1499,1500,n1BR
631,1501,1581,2BR
632,1501,1500,n0BR
633,1502,1581,1BR
634,1503,1538,n3BR
635,1507,1506,0BR
636,1515,1446,1BR
637,1518,1444,n6BR
638,1519,1601,0BR
639,1521,1520,n0BR
640,1523,1522,n0BR
641,1524,1523,n0BR
642,1525,1524,n0BR
643,1528,1508,6BR
644,1534,1533,n0BR
645,1535,1534,n0BR
646,1536,1535,n0BR
647,1538,1537,n0BR
648,1539,1538,n0BR
649,1540,1539,n0BR
650,1542,1541,n0BR
651,1547,1546,n0BR
652,1549,1548,n0BR
653,1551,1552,n0BR
654,1551,1488,n0BR
655,1552,1472,n6BR
656,1554,1473,7BR
657,1557,1556,1BR
658,1568,1569,n2BR
659,1569,1489,n6BR
660,1571,1490,n9BR
661,1572,1571,n0BR
662,1573,1572,n0BR
663,1575,1574,n0BR
664,1579,1580,n1BR
665,1581,1580,n0BR
666,1582,1502,2BR
667,1587,1586,n0BR
668,1588,1587,n0BR
669,1589,1588,n0BR
670,1590,1589,0BR
671,1593,1376,2BR
672,1594,1404,6BR
673,1594,1593,n0BR
674,1595,1594,n0BR
675,1596,1405,2BR
676,1596,1449,6BR
677,1597,1596,n0BR
678,1601,1600,n0BR
679,1602,1601,n0BR
680,1604,1441,n6BR
681,1607,1606,n0BR
682,1610,1440,2BR
683,1610,1609,n0BR
684,1613,1612,n0BR
685,1616,1615,n0BR
686,1616,1617,n1BR
687,1618,1619,n1BR
688,1626,1337,n2BR
689,1630,1644,n6BR
690,1633,1627,n6BR
691,1636,1640,4BR
692,1640,1638,n0BR
693,1641,778,2BR
694,1646,1329,n3BR
695,1652,1651,n0BR
696,1655,1706,7BR
697,1657,1656,n0BR
698,1664,1322,7BR
699,1668,1667,n0BR
700,1669,1298,1BR
701,1671,1311,3BR
702,1678,2005,7BR
703,1679,2048,2BR
704,1679,2004,6BR
705,1680,1679,n0BR
706,1681,1680,n0BR
707,1682,1681,n0BR
708,1683,1682,n0BR
709,1685,1684,n0BR
710,1687,1686,n0BR
711,1688,2716,n2BR
712,1693,1694,2BR
713,1694,1698,6BR
714,1697,1695,9BR
715,1697,1699,n5BR
716,1699,1992,6BR
717,1700,1992,n2BR
718,1703,1702,n0BR
719,1707,1706,n0BR
720,1708,1707,n0BR
721,1714,1721,6BR
722,1714,1713,n0BR
723,1717,1975,n9BR
724,1720,1976,1BR
725,1724,1774,2BR
726,1725,1711,6BR
727,1726,1711,n3BR
728,1728,1727,n0BR
729,1731,1732,n1BR
730,1732,1731,n0BR
731,1733,1732,0BR
732,1734,1733,n0BR
733,1735,1734,n0BR
734,1736,1735,n0BR
735,1738,1737,n0BR
736,1755,1754,n0BR
737,1759,1758,n0BR
738,1761,1760,n0BR
739,1761,1764,n3BR
740,1762,2706,n6BR
741,1763,2706,2BR
742,1763,2683,n7BR
743,1767,1766,n0BR
744,1770,1769,n0BR
745,1775,1774,n0BR
746,1784,805,n3BR
747,1787,2577,n5BR
748,1788,810,7BR
749,1789,813,n6BR
750,1791,1787,7BR
751,1792,1786,n6BR
752,1793,2578,2BR
753,1793,2577,n6BR
754,1794,1779,0BR
755,1795,1794,n0BR
756,1798,1797,n0BR
757,1799,1836,6BR
758,1801,1800,n0BR
759,1802,1801,n0BR
760,1803,1802,n0BR
761,1805,1804,n0BR
762,1807,1826,3BR
763,1810,1830,n6BR
764,1811,1822,6BR
765,1811,1830,n6BR
766,1812,1811,n0BR
767,1813,1812,n0BR
768,1816,1815,9BR
769,1817,1392,6BR
770,1817,1815,n7BR
771,1818,1393,2BR
772,1818,1817,n0BR
773,1820,1819,n0BR
774,1822,1823,n0BR
775,1826,1808,5BR
776,1827,1807,n7BR
777,1838,1837,n0BR
778,1840,1839,n0BR
779,1844,1843,n0BR
780,1846,1898,n6BR
781,1851,1850,n0BR
782,1852,1851,n0BR
783,1861,1888,n6BR
784,1861,2086,n6BR
785,1862,2087,2BR
786,1862,1887,6BR
787,1862,1861,n0BR
788,1863,1862,n0BR
789,1863,1887,n3BR
790,1866,1865,n0BR
791,1867,1882,n6BR
792,1869,1868,n0BR
793,1870,1869,n0BR
794,1871,1870,n0BR
795,1876,1875,n0BR
796,1878,1877,n0BR
797,1881,1880,n0BR
798,1884,1865,6BR
799,1886,1885,n0BR
800,1888,1860,n7BR
801,1889,2224,2BR
802,1889,1860,n6BR
803,1891,1890,n0BR
804,1899,1801,n6BR
805,1900,1898,n0BR
806,1907,1906,n0BR
807,1909,1920,n3BR
808,1910,1917,5BR
809,1916,1915,n0BR
810,1917,1911,2BR
811,1918,1917,0BR
812,1923,1922,n0BR
813,1926,1903,6BR
814,1927,1903,n6BR
815,1929,1967,n3BR
816,1930,1929,0BR
817,1931,1967,6BR
818,1931,1972,n6BR
819,1932,1931,n0BR
820,1932,1967,n3BR
821,1934,1933,0BR
822,1934,1963,1BR
823,1934,1961,n5BR
824,1936,1938,n7BR
825,1938,1966,5BR
826,1940,1939,9BR
827,1941,1942,n9BR
828,1946,1945,n0BR
829,1949,1953,4BR
830,1952,2538,n6BR
831,1953,1984,3BR
832,1954,1943,n0BR
833,1955,1953,n9BR
834,1961,1960,n0BR
835,1964,1965,9BR
836,1972,1971,n0BR
837,1973,1972,n0BR
838,1977,1782,2BR
839,1977,1781,6BR
840,1981,1979,n9BR
841,1988,1987,n0BR
842,1993,1991,7BR
843,1994,1993,n0BR
844,1994,1995,n9BR
845,1997,1996,n0BR
846,1998,1997,n0BR
847,2004,2003,n0BR
848,2006,2005,n0BR
849,2008,2007,n0BR
850,2009,1349,1BR
851,2013,2602,n2BR
852,2014,1287,6BR
853,2023,2022,n0BR
854,2024,2023,n0BR
855,2025,2024,n0BR
856,2031,2561,5BR
857,2034,555,n1BR
858,2040,2039,n0BR
859,2041,2040,n0BR
860,2046,2045,n0BR
861,2050,2603,6BR
862,2050,2049,n0BR
863,2051,2050,0BR
864,2054,596,n7BR
865,2054,2488,n7BR
866,2059,831,6BR
867,2060,2490,0BR
868,2062,2060,7BR
869,2064,2063,n0BR
870,2065,2064,n0BR
871,2068,2066,n0BR
872,2074,2073,n0BR
873,2078,2077,n0BR
874,2079,2230,n3BR
875,2081,2226,6BR
876,2081,2080,n0BR
877,2082,2226,n3BR
878,2083,2082,n0BR
879,2084,2083,n0BR
880,2086,2085,n0BR
881,2090,2091,n9BR
882,2098,2097,n0BR
883,2102,2101,0BR
884,2109,2108,n0BR
885,2118,2168,n2BR
886,2118,2169,n2BR
887,2119,2120,n1BR
888,2121,2120,0BR
889,2159,2128,n1BR
890,2162,2163,n9BR
891,2165,2114,n1BR
892,2168,2166,n7BR
893,2173,2171,n0BR
894,2174,2173,n0BR
895,2180,2179,n0BR
896,2181,2180,0BR
897,2182,2181,0BR
898,2184,2183,n0BR
899,2191,2190,0BR
900,2192,2096,n3BR
901,2197,2196,0BR
902,2197,2093,6BR
903,2197,2092,n2BR
904,2198,2213,n6BR
905,2199,2198,n0BR
906,2201,2200,n0BR
907,2202,2201,n0BR
908,2209,2203,n3BR
909,2212,2211,n0BR
910,2213,2196,5BR
911,2214,2091,n2BR
912,2216,2199,n6BR
913,2218,2217,n0BR
914,2219,423,1BR
915,2220,2219,n0BR
916,2223,2085,n3BR
917,2225,2224,n0BR
918,2229,2227,9BR
919,2231,2230,n0BR
920,2236,2235,n0BR
921,2238,2237,n0BR
922,2240,2063,1BR
923,2248,2249,n1BR
924,2250,2249,n0BR
925,2252,2251,0BR
926,2254,2255,n9BR
927,2256,974,0BR
928,2260,988,3BR
929,2260,2259,n0BR
930,2263,2262,n0BR
931,2264,2238,9BR
932,2275,2335,n6BR
933,2279,2363,1BR
934,2280,2279,n0BR
935,2281,2280,n0BR
936,2287,2307,6BR
937,2288,2307,n3BR
938,2289,2288,n0BR
939,2295,2296,n7BR
940,2296,2297,n3BR
941,2297,2298,n0BR
942,2301,2300,n0BR
943,2303,2302,0BR
944,2310,2311,1BR
945,2312,2326,1BR
946,2315,2314,n0BR
947,2317,2316,n0BR
948,2318,2317,n0BR
949,2319,2318,n0BR
950,2321,2320,n0BR
951,2322,2286,2BR
952,2322,2285,n2BR
953,2325,2320,n6BR
954,2327,2326,n0BR
955,2329,2328,n0BR
956,2331,2330,n0BR
957,2333,2332,n0BR
958,2335,2278,2BR
959,2337,2336,n0BR
960,2340,2339,n0BR
961,2341,2354,n6BR
962,2349,2348,n0BR
963,2350,2349,0BR
964,2353,2352,n0BR
965,2354,2353,n0BR
966,2355,2340,6BR
967,2357,2356,n0BR
968,2359,2358,n0BR
969,2360,2359,0BR
970,2362,2279,1BR
971,2363,2362,n0BR
972,2366,2364,n7BR
973,2369,2368,0BR
974,2372,2278,1BR
975,2374,2313,n9BR
976,2375,2374,n0BR
977,2377,2269,n6BR
978,2383,2382,n0BR
979,2388,2407,n3BR
980,2390,2389,n0BR
981,2396,436,n0BR
982,2396,2397,n1BR
983,2398,2397,n0BR
984,2401,2394,n6BR
985,2405,2404,n0BR
986,2406,2405,n0BR
987,2408,2407,n0BR
988,2413,2380,7BR
989,2414,2271,n6BR
990,2418,2380,n3BR
991,2422,2078,2BR
992,2423,186,6BR
993,2427,2426,n0BR
994,2429,2427,n9BR
995,2437,967,2BR
996,2445,2444,n0BR
997,2448,2447,n0BR
998,2451,2450,0BR
999,2454,2453,0BR
1000,2455,2454,n0BR
1001,2464,2461,n6BR
1002,2467,2461,n6BR
1003,2468,2467,n0BR
1004,2472,2471,n0BR
1005,2486,2485,n0BR
1006,2487,2486,9BR
1007,2489,2436,9BR
1008,2490,2438,7BR
1009,2491,1278,n1BR
1010,2498,2497,n0BR
1011,2503,2502,n0BR
1012,2504,2503,0BR
1013,2506,2505,n0BR
1014,2507,2452,n2BR
1015,2507,2478,n6BR
1016,2509,2508,9BR
1017,2511,2510,n0BR
1018,2515,2514,n0BR
1019,2518,2461,n1BR
1020,2521,2520,n0BR
1021,2522,2521,n0BR
1022,2527,2526,n0BR
1023,2530,2508,6BR
1024,2533,2532,n0BR
1025,2534,2510,n3BR
1026,2537,2536,n0BR
1027,2542,2496,n3BR
1028,2547,2546,n0BR
1029,2557,2556,n0BR
1030,2561,2054,6BR
1031,2564,2563,n0BR
1032,2568,2565,7BR
1033,2571,2542,n1BR
1034,2574,2573,n0BR
1035,2576,2597,6BR
1036,2579,1937,n2BR
1037,2580,2579,0BR
1038,2581,2580,n0BR
1039,2583,2582,n0BR
1040,2585,2074,5BR
1041,2586,2073,n1BR
1042,2592,2590,n0BR
1043,2595,2594,n0BR
1044,2604,2603,9BR
1045,2609,2608,n0BR
1046,2614,550,n3BR
1047,2616,2615,n0BR
1048,2617,2616,n0BR
1049,2622,2621,n0BR
1050,2627,2766,n3BR
1051,2628,2627,0BR
1052,2628,2765,n6BR
1053,2634,2633,n0BR
1054,2637,2636,n0BR
1055,2638,2637,n0BR
1056,2639,2638,n0BR
1057,2640,2639,n0BR
1058,2645,2644,9BR
1059,2646,2653,6BR
1060,2646,2521,n7BR
1061,2647,2646,n9BR
1062,2649,2650,2BR
1063,2650,2651,0BR
1064,2652,2651,0BR
1065,2653,2652,n0BR
1066,2658,2657,n0BR
1067,2661,2660,n0BR
1068,2662,2637,n3BR
1069,2667,2666,n0BR
1070,2668,2667,n0BR
1071,2671,2670,9BR
1072,2676,2675,n0BR
1073,2678,1999,n9BR
1074,2679,2703,7BR
1075,2681,2680,0BR
1076,2683,2682,n0BR
1077,2683,2684,n1BR
1078,2685,2684,n0BR
1079,2686,2685,n0BR
1080,2692,2691,n0BR
1081,2693,2692,n0BR
1082,2694,2693,n0BR
1083,2695,2694,n0BR
1084,2697,2696,0BR
1085,2698,2697,n0BR
1086,2702,2701,0BR
1087,2702,1683,n6BR
1088,2703,1685,n7BR
1089,2704,1767,1BR
1090,2709,2677,n3BR
1091,2710,2709,0BR
1092,2711,2710,n0BR
1093,2712,2711,n0BR
1094,2713,2712,n0BR
1095,2714,2670,n7BR
1096,2716,2674,9BR
1097,2720,2719,0BR
1098,2724,2760,6BR
1099,2726,2759,n3BR
1100,2728,2727,n0BR
1101,2730,2754,n6BR
1102,2731,2753,6BR
1103,2733,2732,n0BR
1104,2735,2745,9BR
1105,2739,2738,n0BR
1106,2742,2740,9BR
1107,2747,2746,0BR
1108,2747,2737,6BR
1109,2754,2530,2BR
1110,2758,2757,n0BR
1111,2763,2762,n0BR
1112,2764,2763,n0BR
1113,2766,2768,n2BR
1114,2768,2627,n6BR
1115,2769,2767,n5BR
1116,2772,2626,n3BR
1117,2774,2773,n0BR
1118,2775,2774,0BR
1119,2778,2777,n0BR
1120,2791,2789,9BR
1121,2793,2792,n0BR
1122,2796,2878,6BR
1123,2797,2877,6BR
1124,2797,2620,n6BR
1125,2798,2877,n3BR
1126,2802,2801,n0BR
1127,2803,2802,n0BR
1128,2804,2823,1BR
1129,2808,2807,n0BR
1130,2810,2046,n6BR
1131,2811,2611,n6BR
1132,2812,2809,7BR
1133,2817,2870,n3BR
1134,2819,2818,9BR
1135,2822,2866,n6BR
1136,2823,2822,n9BR
1137,2824,2823,0BR
1138,2825,2824,n0BR
1139,2826,2825,n0BR
1140,2827,2826,n0BR
1141,2830,2829,n0BR
1142,2832,2831,n0BR
1143,2833,2681,1BR
1144,2834,2833,n0BR
1145,2836,2854,5BR
1146,2838,2837,n0BR
1147,2840,2839,n0BR
1148,2843,2842,n0BR
1149,2844,2846,n3BR
1150,2846,2845,n0BR
1151,2846,1733,n1BR
1152,2850,2849,n0BR
1153,2852,2853,n9BR
1154,2853,2836,9BR
1155,2854,2836,1BR
1156,2855,2837,2BR
1157,2855,2835,n6BR
1158,2856,2855,n0BR
1159,2861,2860,n0BR
1160,2866,2822,n7BR
1161,2867,2866,9BR
1162,2869,2868,n0BR
1163,2874,2873,n0BR
1164,2875,2874,0BR
1165,2877,2876,n0BR
1166,2880,2879,n0BR
